0.000000000000000000e+00
1.000000000000000056e-01
2.000000000000000111e-01
3.000000000000000444e-01
4.000000000000000222e-01
5.000000000000000000e-01
6.000000000000000888e-01
7.000000000000000666e-01
8.000000000000000444e-01
9.000000000000000222e-01
1.000000000000000000e+00
1.100000000000000089e+00
1.200000000000000178e+00
1.300000000000000044e+00
1.400000000000000133e+00
1.500000000000000000e+00
1.600000000000000089e+00
1.700000000000000178e+00
1.800000000000000044e+00
1.900000000000000133e+00
2.000000000000000000e+00
2.100000000000000089e+00
2.200000000000000178e+00
2.300000000000000266e+00
2.400000000000000355e+00
2.500000000000000000e+00
2.600000000000000089e+00
2.700000000000000178e+00
2.800000000000000266e+00
2.900000000000000355e+00
3.000000000000000000e+00
3.100000000000000089e+00
3.200000000000000178e+00
3.300000000000000266e+00
3.400000000000000355e+00
3.500000000000000000e+00
3.600000000000000089e+00
3.700000000000000178e+00
3.800000000000000266e+00
3.900000000000000355e+00
4.000000000000000000e+00
4.100000000000000533e+00
4.200000000000000178e+00
4.299999999999999822e+00
4.400000000000000355e+00
4.500000000000000000e+00
4.600000000000000533e+00
4.700000000000000178e+00
4.800000000000000711e+00
4.900000000000000355e+00
5.000000000000000000e+00
5.100000000000000533e+00
5.200000000000000178e+00
5.300000000000000711e+00
5.400000000000000355e+00
5.500000000000000000e+00
5.600000000000000533e+00
5.700000000000000178e+00
5.800000000000000711e+00
5.900000000000000355e+00
6.000000000000000000e+00
6.100000000000000533e+00
6.200000000000000178e+00
6.300000000000000711e+00
6.400000000000000355e+00
6.500000000000000000e+00
6.600000000000000533e+00
6.700000000000000178e+00
6.800000000000000711e+00
6.900000000000000355e+00
7.000000000000000000e+00
7.100000000000000533e+00
7.200000000000000178e+00
7.300000000000000711e+00
7.400000000000000355e+00
7.500000000000000000e+00
7.600000000000000533e+00
7.700000000000000178e+00
7.800000000000000711e+00
7.900000000000000355e+00
8.000000000000000000e+00
8.099999999999999645e+00
8.200000000000001066e+00
8.300000000000000711e+00
8.400000000000000355e+00
8.500000000000000000e+00
8.599999999999999645e+00
8.700000000000001066e+00
8.800000000000000711e+00
8.900000000000000355e+00
9.000000000000000000e+00
9.099999999999999645e+00
9.200000000000001066e+00
9.300000000000000711e+00
9.400000000000000355e+00
9.500000000000000000e+00
9.600000000000001421e+00
9.700000000000001066e+00
9.800000000000000711e+00
9.900000000000000355e+00
1.000000000000000000e+01
1.010000000000000142e+01
1.020000000000000107e+01
1.030000000000000071e+01
1.040000000000000036e+01
1.050000000000000000e+01
1.060000000000000142e+01
1.070000000000000107e+01
1.080000000000000071e+01
1.090000000000000036e+01
1.100000000000000000e+01
1.110000000000000142e+01
1.120000000000000107e+01
1.130000000000000071e+01
1.140000000000000036e+01
1.150000000000000000e+01
1.160000000000000142e+01
1.170000000000000107e+01
1.180000000000000071e+01
1.190000000000000036e+01
1.200000000000000000e+01
1.210000000000000142e+01
1.220000000000000107e+01
1.230000000000000071e+01
1.240000000000000036e+01
1.250000000000000000e+01
1.260000000000000142e+01
1.270000000000000107e+01
1.280000000000000071e+01
1.290000000000000036e+01
1.300000000000000000e+01
1.310000000000000142e+01
1.320000000000000107e+01
1.330000000000000071e+01
1.340000000000000036e+01
1.350000000000000000e+01
1.360000000000000142e+01
1.370000000000000107e+01
1.380000000000000071e+01
1.390000000000000036e+01
1.400000000000000000e+01
1.410000000000000142e+01
1.420000000000000107e+01
1.430000000000000071e+01
1.440000000000000036e+01
1.450000000000000000e+01
1.460000000000000142e+01
1.470000000000000107e+01
1.480000000000000071e+01
1.490000000000000036e+01
1.500000000000000000e+01
1.510000000000000142e+01
1.520000000000000107e+01
1.530000000000000071e+01
1.540000000000000036e+01
1.550000000000000000e+01
1.560000000000000142e+01
1.570000000000000107e+01
1.580000000000000071e+01
1.590000000000000036e+01
1.600000000000000000e+01
1.610000000000000142e+01
1.619999999999999929e+01
1.630000000000000071e+01
1.640000000000000213e+01
1.650000000000000000e+01
1.660000000000000142e+01
1.669999999999999929e+01
1.680000000000000071e+01
1.690000000000000213e+01
1.700000000000000000e+01
1.710000000000000142e+01
1.719999999999999929e+01
1.730000000000000071e+01
1.740000000000000213e+01
1.750000000000000000e+01
1.760000000000000142e+01
1.769999999999999929e+01
1.780000000000000071e+01
1.790000000000000213e+01
1.800000000000000000e+01
1.810000000000000142e+01
1.819999999999999929e+01
1.830000000000000071e+01
1.840000000000000213e+01
1.850000000000000000e+01
1.860000000000000142e+01
1.869999999999999929e+01
1.880000000000000071e+01
1.890000000000000213e+01
1.900000000000000000e+01
1.910000000000000142e+01
1.920000000000000284e+01
1.930000000000000071e+01
1.940000000000000213e+01
1.950000000000000000e+01
1.960000000000000142e+01
1.970000000000000284e+01
1.980000000000000071e+01
1.990000000000000213e+01
